0029bc2765	13698.18343	9303.3337	1983.1998	2476.10718
004d253f55	21379.8064	15670.6354	7563.23158	25927.12209
0057e4581d	2926.24568	3586.1016	21759.11093	2800.10956
00a7fae75d	9469.30586	5061.3279	23116.29718	15855.25837
00ad53b83c	5776.6453	31311.3381	595.1756	19452.8698
00ba709620	22665.26226	22906.30633	25559.15104	21069.9760
00c673faaf	28979.18250	18704.28596	18695.9707	18906.3935
00e1d28dc7	3664.26804	24156.27829	8353.6182	18116.20342
00f813c8c2	23501.9337	22094.29991	2211.22454	12737.23683
017634d25a	6403.18746	18752.3584	241.2944	9006.30353
01939b758a	8051.590	22209.12960	20875.1382	9376.10246
020e17b335	15135.26272	24414.7810	6652.32538	11072.20578
0235e38dc4	23122.19988	26648.32032	16207.2361	11241.12606
026795b6e8	8433.27990	22953.10832	13335.7084	31010.9331
0270afe61a	32675.27860	31054.139	1092.21654	12053.1217
02dcb45337	29374.17290	10436.17728	9286.24868	23652.26029
038a7344e5	13007.8983	23950.13321	7055.30350	17738.4295
03cd995f6f	1614.7159	4225.1141	29667.9866	30412.25606
041d2be458	9476.27589	6359.17896	25277.11321	32587.13449
04553b1ae1	22095.23643	17906.23661	11213.13836	14424.23995
04792b309d	13738.27426	5578.4959	8199.26633	5654.26339
049b1de3b7	9581.6806	27256.9290	21379.19745	583.17098
04c7b4711e	29075.4282	13443.12303	12396.20104	5310.13601
04dd28b6de	17461.17633	26328.15970	15806.194	12138.8327
04e6c61d46	25266.21613	8041.27630	20183.8449	17970.28001
0564f516aa	15455.27798	25632.6827	18943.22003	5823.20265
0590b15300	25244.24548	2622.5961	32269.22094	20376.30236
059d6f6acb	13061.32297	23220.6425	29736.26125	22678.5828
05bf8b85cc	26542.6043	15265.17824	27617.9084	28454.29065
063a4f1c3d	17167.21819	19038.5752	4248.21672	12662.24958
066b257b68	11553.19544	27928.27350	8843.24829	11174.22778
06b18a739c	32397.24376	31578.12141	10114.32571	28495.27811
0707fafcac	19688.5769	18451.24131	21914.3601	28908.4696
0787fc36c8	28974.1703	12589.17842	22044.31641	11622.27482
07b304f6b3	6833.18875	21606.7828	20143.19866	21581.10695
087cf4deca	4094.32446	28646.7514	16752.30127	3297.28930
08c5747a56	3320.3547	18535.29260	10805.541	1057.18675
091817c19f	1795.22155	16222.30940	3031.14666	1516.32293
09465fa68e	6517.30073	17800.27563	6998.31099	6915.14533
09634d3c1f	19432.12876	3017.16684	4084.14961	6709.26412
0969c1cce8	12783.23012	19770.19132	3463.29449	21044.22215
0986449fd9	32412.18325	22597.3464	15176.18905	29106.4909
0b1ecc2ef0	22794.29308	18663.6326	27583.24276	9097.11095
0b9ac7c467	24651.6724	29030.7486	26467.1991	2573.14328
0bda8bc195	24668.1135	19874.2689	15587.27075	1898.22500
0be7e04ebc	26936.28081	4889.22113	12554.23498	27097.6252
0c3ffd724a	4568.23184	24941.31237	10218.9155	13194.19618
0c81dfe16d	14156.21296	3018.6525	25850.9240	11979.5233
0c94e77cb7	25011.25406	22106.13787	18939.21086	1161.17959
0cbde01a08	21963.14590	4347.6821	26092.7326	22040.14466
0ce246dbec	19931.30996	30843.7049	7955.1665	5740.20497
0d2d3928e3	13183.31139	1482.8505	19185.20758	17250.5814
0d417483e9	12193.14612	7695.1497	21607.9539	31014.20306
0db809a447	23349.24376	32722.20045	17463.24049	28787.25493
0e43519134	25024.1303	17187.30148	163.27962	11039.24613
0e43c05891	10894.28254	12494.18029	5801.31638	22250.11815
0e93bddab3	288.15333	14870.10092	17657.9112	19265.32616
0ee9a18738	8009.17700	30854.2238	30256.11896	9227.12064
0f6294e810	7850.8384	31724.30149	29621.1104	10633.7402
0f68a2afc4	19462.15417	30724.10010	15921.10182	22178.995
0f9e4cd834	24997.5279	17108.16004	29850.21496	20188.16426
0fe08bdd94	22064.3429	21947.10907	17677.2032	728.28511
0ff4a10b62	8822.444	22201.10731	32368.5785	10327.1057
1045f489b9	21056.1683	13218.12180	25789.26205	234.19047
1076fa1ae6	19690.16592	16510.12324	12451.12346	4600.2702
1082913479	27672.11295	17148.14625	28794.22567	24185.12581
10aaafb9a3	11088.4736	31124.18863	1586.3834	30022.18371
115510274c	14460.14784	24246.22568	16549.32604	22852.27227
116cb4c5f1	32714.8973	30193.2724	13623.17392	12041.8824
119302255a	27456.4673	31048.21225	7874.4544	15233.11981
11b5a0509e	17662.4567	10167.30558	16543.14136	8859.3948
11f87fcb7f	4523.1490	31093.2362	30826.3798	5794.26239
121c7dc57f	32378.20602	12253.21578	5697.6043	26548.27454
122709629b	3917.29832	14617.29291	15760.25807	7000.14640
12534d477a	13223.4883	22363.13986	31411.10539	20307.2525
12700434f4	2287.13161	9519.28148	29560.2462	25739.21923
12a6cfacbf	13998.19766	13692.2817	23485.16811	18245.9698
12a8f8fefd	9463.14282	5018.23698	10589.16988	13600.16507
12aad93a43	31622.18897	27713.9187	17464.23379	65.32268
1301553b8c	8458.25135	30363.23986	9266.17027	12321.15741
1383eadfdf	31113.31315	18333.9679	7811.1525	5302.22024
138b59988d	15357.10199	17997.7693	22734.858	25802.8404
1402170195	25093.11419	28196.17557	8442.5717	22013.29252
1406680fe5	13287.4757	24195.27360	17546.13474	17367.6318
140b5b68a5	949.14883	11448.23423	1176.20784	2575.16647
1463a88910	2141.30060	3448.26065	1131.20160	7026.2539
146a695feb	25202.30227	22987.9572	18451.11864	28011.1497
14e13865c2	12611.6390	29220.12599	8497.15780	20708.31878
150b763e2b	27285.31028	29663.20480	2524.18079	20684.3856
15446f1f51	23100.15268	19944.4921	8911.23131	10831.22317
1553a4d673	31350.26793	8197.4634	15768.26096	2841.32509
1561a9920d	28402.28904	26760.9328	1358.5989	7487.5821
1580c0bc2d	10090.30041	12515.13154	21215.710	25871.5284
15abe5d941	22597.9767	27794.833	30802.8022	22974.8565
1605b07f58	27398.18162	27551.24895	12315.17413	19881.15374
1621b6e9eb	3659.14242	19894.3016	13036.5618	22085.25808
16c26c9eb4	14931.22354	11544.14332	15622.19200	22667.31589
16c2a26044	1105.15609	30702.22335	14421.29902	9703.16442
16c6e27a39	9409.21232	17569.29042	31413.19828	3910.30890
16cff97c4b	15718.3060	26002.26376	23732.8709	26349.31722
17294be831	5967.23901	9411.26677	9515.10046	11264.21695
1771db7349	1786.12466	31216.8631	28784.1937	9655.7044
178f20c253	9586.6871	7596.22505	1233.15061	16502.29368
185189307e	25404.14922	9297.7372	30792.12502	11316.23388
189f5a12b1	22744.10098	19668.9729	27715.5024	23368.27881
18d2279264	1511.5239	11027.8526	28453.8211	31800.21473
18e5790fea	28449.19262	21932.3850	15309.18742	8609.19705
18e5b10b86	22832.26549	16517.14288	26759.28290	29266.10420
190241c92c	10318.32535	15293.15568	17591.18043	10514.15720
1921f7572d	27384.16308	25578.23519	9933.4741	7304.5332
192f162e93	1394.32232	25468.9685	23543.25442	8009.24645
1931c6c7de	19193.153	6850.17479	32508.23291	17895.20627
1974e505ac	12207.23991	11137.6130	23832.5745	8189.17620
1983ae1727	29511.3234	7984.30221	23152.12372	20717.10550
19bdca1b58	19709.11868	8053.8174	1333.25601	8253.26159
19ee8f687b	18615.19207	7030.8771	10221.29643	4397.5288
1a0422afdc	31440.7060	18641.4162	7007.9163	18742.23574
1a0b916614	14622.5350	22145.12025	1069.26238	24255.9731
1a22b68f0e	19139.31959	13576.12831	782.7673	18236.26434
1a23fd6138	15298.19312	16975.15772	17099.9658	21048.19543
1b20a2703b	11475.30290	23862.2836	24564.19192	16802.20845
1b3641ebd2	4220.22934	24845.1762	13261.406	7804.7150
1b4c61183d	455.31879	10591.13192	30186.10097	8128.11590
1b85602391	11960.31598	18159.9765	4277.19650	28535.16599
1ba0e75637	17827.24669	22490.27248	29814.12496	19198.20458
1bb6e1bf7b	7983.1030	2273.6715	13483.14096	9592.6417
1bc59ce68c	10179.32194	30203.21760	8070.24466	5368.9174
1bff674dfb	26383.32698	19949.4453	18643.28146	198.2648
1ca7aba297	25445.18953	1168.29537	11666.14915	6763.17511
1cc2585461	20944.6502	20206.29365	18943.13470	4763.3689
1cd064ef41	7147.30483	25249.16392	7958.17749	31734.11630
1dcc5da6c9	2790.31505	10554.19209	9124.30396	31065.4476
1e2a6116a0	11781.19017	20184.30205	28610.5097	22495.18695
1e38b43d50	19796.3487	17709.28102	4222.28969	18882.29752
1f01eb73c5	5796.7538	12508.29155	16004.20775	6385.21167
1f0a08eafb	26127.2934	25123.11379	32110.12203	29909.26605
1f605e4ace	17090.22122	24553.6691	23498.9605	16235.1126
1f6bfe2749	4339.31583	11381.10769	850.25620	22942.15582
1fa30c7f99	439.32092	26292.22448	4527.8529	23731.3353
2067fb2140	2531.11918	9680.6713	21406.1421	23086.19874
208b3ef391	18883.24729	11201.6015	12175.10025	26765.12772
20cda5e7fd	5022.31990	7025.9206	7333.14357	1225.7432
20fdd8cc7b	17184.19828	10201.14283	4602.21643	28545.13222
21494b8928	11089.27931	16910.27326	28725.1119	2356.14957
216126dccb	1032.5279	32273.7606	21980.3655	14229.20059
21aab31999	13376.15175	15722.22409	2151.12947	26224.17892
21b8eadd66	162.7605	15237.9697	2879.29783	12113.5733
221e0a319a	18490.4936	452.6820	25743.25868	9234.10351
223c73b55e	15629.3856	4184.28253	1464.30883	8003.5983
22441dd5ff	11916.4545	17870.31726	9462.8635	15201.24832
226a816959	16963.14326	16940.15587	7773.24841	30251.19419
232e92eb02	19012.20547	2893.24394	15040.17896	19150.24557
2337d8ed98	6432.18532	30248.20354	14712.24690	24529.31537
237514f417	916.5316	16452.1239	22940.7002	11023.3300
23c8f3bae3	21035.14669	30119.21437	2274.21638	2460.14730
23ea449f36	7465.13430	21224.18103	18957.26322	27289.21822
2455f601bc	31839.19979	19523.2996	20938.22034	24709.24578
24addeb9aa	10535.6387	26327.17317	12476.19779	8764.11643
25575b4ece	17762.10770	15883.24683	10970.12730	29085.14712
25c2460d19	12165.8038	5505.14317	25849.4480	32049.31211
25fc74dd13	13220.2038	18478.22592	19343.12148	12351.19420
265c38dbf6	6439.23021	20045.20759	1477.9969	7547.22574
26a9324e7a	12019.7283	1552.14236	5866.18456	26379.25480
271a2e938d	18392.7093	26759.7526	21165.1830	30185.21201
2724eb5d29	6182.7383	2645.3867	24695.361	3084.31007
277a647994	14606.17549	17460.31605	29267.4405	11953.30079
278742b5c5	9209.6404	11302.3282	20325.19782	31368.10306
27b9916a5d	4455.20370	18000.13058	13380.8234	4915.2969
27c192a318	12692.21698	28888.4746	5151.25438	25546.28364
286177de7b	10159.14539	7469.8543	24736.9055	4565.802
2873e9c47e	22666.30940	32169.25481	23871.7508	15122.3982
288591f0b5	29005.19178	685.9080	3450.13936	22916.27058
2904d69788	18745.12001	12208.26444	24358.30805	24075.31820
2909a86a0b	29355.23979	11360.1110	32418.32059	19097.21971
291be8b7ce	3799.27595	6766.26588	28595.12501	29641.24371
29775613e8	3024.22126	616.17151	16292.29800	26576.29122
297ab0e181	5500.14891	27539.5099	15507.24169	15147.25974
29fc1ac829	14336.1175	15306.22231	2408.29625	18526.2300
2a68d1ad84	5414.12709	18478.592	23380.11371	15257.14807
2a9b154bd6	19939.3249	29416.14740	27100.19838	11809.28641
2acd0d683b	1721.20849	8488.4018	28896.23206	19478.20327
2af5dc19e3	9082.3358	21513.21758	18285.837	32155.11317
2b02173811	20940.25094	6313.21848	29747.19623	13659.14879
2b1d17cf16	12566.15382	18626.15587	15498.28013	9784.10325
2b391c7c2d	19826.27767	3950.28352	10193.16767	23463.7826
2c21f164df	18083.6748	1281.18266	1267.26187	25764.10330
2c28882d0c	12525.27	24275.2063	7345.6507	14859.56
2c74787b1d	12205.27964	5360.2546	3472.1096	17042.12276
2c8c0ab911	27324.30781	10883.8459	12144.30800	30015.15493
2c8fe86c92	543.26727	15928.16321	11642.31517	20354.7648
2cd36ec18f	21813.3085	25922.23095	12356.8466	32649.9056
2d599add06	18528.15080	17325.16397	18649.31984	24499.26151
2d805cea41	16981.22328	1807.439	19941.14991	7139.31565
2e0113c66c	14116.3108	15508.19191	13029.9830	8000.29665
2e086daf3f	16334.16083	1392.21632	10585.14527	21402.9611
2e4166de1c	9217.32316	9497.4733	31980.17540	11874.5009
2e8cf42fdb	1191.30601	959.23853	16890.5702	1956.2979
2f0f7db4bf	21197.7916	5282.7250	31041.5638	17356.23080
2f5b399fe1	26644.31604	26704.24186	10087.2673	9631.12530
2f5f1ea94e	21188.18067	3330.26757	12107.28394	2392.3481
2f67da580e	4841.11762	11871.15815	32003.30555	17225.11724
2f93adac13	7433.29547	32102.27669	6697.1345	9658.20658
3006e87186	3247.545	12622.24697	10556.788	4213.26254
303cd27ab0	4635.32215	19649.27692	4282.22943	16635.17635
3082cb12f1	17887.19110	5753.11224	786.16716	18251.19270
30a8c03277	23863.11343	15960.8276	5863.28384	21987.19907
30ded66905	6401.12576	5671.1034	26353.22583	20830.25679
30e942e0e8	31249.25866	3383.19812	32429.29660	9777.7960
30ecb11766	30238.6936	6043.14906	16202.27380	5342.29276
3168b4262f	32438.7154	19640.12409	5349.18759	17366.2444
31a8d95fcf	13201.17968	19130.13795	24970.16455	14740.18794
3285940133	14079.7221	4112.31799	1922.29874	18422.2741
340307f990	28419.23346	16914.28688	19240.21104	8727.8945
3495248721	17357.23683	1166.20026	15761.18615	19047.17535
35002c36f2	13131.5234	21635.21462	28821.2525	6946.4448
3500542bc1	28673.25663	14068.23580	17889.12786	17667.25499
350d842620	8882.24903	5779.24912	12817.374	28345.2782
3513d0860e	11745.10290	30368.1251	21627.11484	16431.16916
351c17cb26	15393.1647	19009.29617	776.29162	27296.18358
3528267a71	22549.32625	15115.54	6903.32037	4330.31252
352f22ee16	23111.19958	18172.17264	26355.1314	15538.21396
3549425612	27884.12109	19663.12717	27674.19704	12504.27432
357e85d700	20691.17109	2188.29939	21218.4209	66.23120
35846054e8	28926.3619	17256.28183	16209.23171	13547.10903
3674a5c076	10046.24479	8784.7008	19385.29027	12468.20005
367ff9a226	16804.29444	13450.467	26633.7978	30452.99
36a8b56be1	2814.1428	21463.32010	12563.8783	18682.8842
36b9b320ff	21845.30644	10077.21145	16216.25365	25135.10988
36be621eec	26410.28249	411.22015	30874.30707	15170.10362
36dfee379e	16844.31413	3168.27634	13772.6019	32216.6525
37414996d7	22255.26306	20642.3901	11495.18307	2707.31231
375ce7b087	2566.4479	25530.32543	24306.9790	21843.23362
37a89c8b87	27302.7523	23522.23001	1198.23632	28588.12094
37e85506f6	30568.14417	8309.29164	32562.32391	19054.29051
38b37408fe	12972.8112	20246.30136	19873.4974	2344.17806
38baa51faa	12152.18820	19111.17282	31616.2151	21862.30203
3902568f8a	4038.14032	26166.29967	13539.30495	8657.32260
391b6e3ad9	6007.24360	25991.29546	29350.18445	15320.13750
392e0dce1b	18160.30683	28881.30502	15414.31783	25713.8245
39886961b6	24384.10019	18932.30218	20361.6449	21720.16861
3a2deebf31	9341.4190	29863.94	11995.27220	8499.23045
3b4e53efd1	9983.19715	9418.3142	4599.20926	5176.2690
3b573c5d29	21766.12189	20278.18055	289.1437	28134.1437
3bcb4379ce	10113.3773	12618.6041	14085.22843	4337.16718
3c0a4b11ec	10657.30151	25126.15126	23530.14747	28765.30318
3c17f96ec7	2736.11072	4874.18553	11058.10892	5115.20953
3c8a56104d	29123.15552	31941.17901	26722.8086	30577.12837
3c9940e258	222.8988	23967.11452	4626.25613	8729.24201
3cc4e99836	37.28180	28130.20389	24654.18783	6708.1678
3cd00c4eb5	2110.3786	27439.9582	3791.9760	11080.23000
3cd3a1d442	8449.817	27099.27511	22333.28984	20704.17319
3d2e1c414f	12700.25466	27010.968	32381.5466	9297.27428
3da37e81e4	24981.24785	11664.13266	7676.6780	4493.19165
3dcd8f0bc2	3810.16844	26448.28807	26732.25820	24662.10156
3dee3225ae	25666.10788	15074.19927	17472.26173	15693.17213
3ebd65df10	29671.25365	221.14089	28904.28848	2127.12527
3ef5f3fa1b	6795.2917	26643.16312	5773.525	9429.21637
3f2a50b3d6	17406.8919	31171.19560	25473.26245	31171.20176
3fc575404d	1923.12261	25984.3550	3913.11833	31.11226
40124ab2d3	6177.19234	1488.13404	22847.25090	31948.9865
406e5b5603	5284.15054	18735.12820	16661.14587	14218.19323
40a352fc76	27523.29808	27571.19008	15071.10098	1981.11148
40a4bb956f	18380.6060	22192.17656	15976.30045	4705.7149
40fc8b8671	10312.20844	14513.10803	31083.30675	32346.19356
415be1e40a	16161.25175	26421.24431	15798.10944	5131.24746
4172b8a0af	7499.23508	32705.17953	21702.21567	6227.5807
41d16534d4	21839.10866	29559.32725	14702.1455	30061.16266
425a3fe65d	675.10886	2005.546	26153.10457	13069.18437
426dca6671	14699.17708	11963.24030	16248.28874	8364.29859
42a9b8e690	5621.15427	24119.31467	24252.5084	25854.4981
42d8205a3e	6408.13833	9586.9636	24710.28903	17700.26877
42e49a53e2	11546.21706	2932.13721	25093.18514	27687.21865
42ff74a190	17737.3928	23548.15345	511.29313	28413.22600
439383a46f	22379.10364	23312.15913	8946.1858	29296.23031
43c29ee972	23092.10666	21632.16823	16082.28386	5352.10708
43d344ae9d	6429.2853	13439.26203	29338.30513	17106.10868
44390d42d0	6271.26248	21266.11839	13619.5255	1054.19054
446f00b350	11642.23875	4712.1004	8286.12288	2024.549
44f0839a1b	9986.30610	27921.31729	29577.7663	5346.30490
45b5aac2dd	1017.4647	3214.3716	934.13275	10659.28617
45cf9f1faf	7064.21804	15792.9654	1774.7687	22686.27596
45d5e48432	10279.26392	17009.20476	16514.5350	21304.3762
46cc2a6ece	18090.19671	28052.13441	1691.25582	9905.7623
46d2f1d62d	10655.1928	29908.25017	14800.31200	31723.25713
46fbccb84d	15503.22168	329.30386	1257.24951	13259.816
473d09494c	20612.5546	24763.2228	23793.13813	14148.18824
4753fa43c9	16037.30200	6213.3276	18261.23826	15608.9135
476602c71f	32113.25957	10615.70	21648.26972	26993.27164
483f017fcf	3357.2789	478.8087	8253.31060	31578.32543
48dadb4beb	13740.8104	15564.19166	18318.19177	15369.8698
490c9723c1	4179.19405	6042.29397	7055.6165	15655.6466
4a03efff10	4354.14160	7981.28945	10777.8906	26871.6013
4a1564d60a	31809.5765	26517.4863	811.6768	18590.13263
4a2ccca299	28870.28715	18126.228	7222.15723	11747.3578
4a3e7ec92c	21679.26572	23769.2920	32523.12871	17274.7977
4aa4e040a2	11546.26537	27513.28116	18978.26022	29032.27220
4aa7228746	2831.7204	9109.25222	26088.29508	20975.22103
4ac16d6035	3480.13272	20033.19115	20278.30105	21196.1902
4b05fc4f4c	20919.28717	3029.20485	16768.13973	21838.18040
4b434247fb	5626.26355	3243.32452	27725.25887	7039.25686
4b4eebd99b	5071.21406	16020.12600	31767.25559	16127.28481
4b5065578c	11917.30353	19182.27610	25377.16400	21145.17191
4c40c81517	1668.3296	19080.31381	8160.18074	8642.30186
4c89854023	12876.3414	18001.1143	18967.9977	28960.9733
4cfc791f7a	24564.14395	8690.1479	24512.6626	10003.8481
4d08eb98c7	19904.29168	13489.4198	8640.2737	24717.6389
4d31849060	31730.24468	20196.26205	7459.28495	21173.12714
4d8c077325	9079.11240	29745.29193	30833.1448	14672.13384
4db18c5a97	20246.17609	17934.26290	10457.3294	24351.24455
4dbedfbe8f	31774.18881	9296.15631	26735.29259	31635.4788
4e2fded4c9	27519.11296	4775.1035	10998.6195	3286.22394
4e5492e66a	12833.16859	9033.15683	4093.13434	6500.22955
4e7feb2489	20752.4755	30984.20403	3698.20390	14715.9284
4ea92656e4	16489.12562	7111.19584	19545.24429	30901.23031
4eef94bf2a	22283.21405	22036.2372	25764.29949	16611.12048
4efd2b044d	12068.10851	23548.15272	1794.8098	14880.7531
4f12643284	449.9414	24392.19778	4156.29234	28094.2920
4f503dd971	22426.26368	17304.5160	4796.1396	22138.3074
4fefb63f24	19355.3183	14593.2732	24715.27181	3428.16285
5055edd573	18128.9617	28728.23282	12194.4469	2493.16239
508ea967b0	13793.14567	13478.31134	8309.22040	4510.18277
5099ae9076	18964.5329	25725.2237	16880.27707	31587.15247
50a8db0047	25864.3497	9705.24084	25435.19484	14796.15988
50c910f881	7784.17927	22827.12645	4613.26290	4833.6139
50ccbfb772	1823.20089	28741.26514	13652.21194	20687.30196
51391596f1	4678.19638	27350.8478	5861.7495	8581.16348
5156012f33	30098.25622	30454.14271	5941.15989	13424.6515
518c93f3ca	21444.8931	608.4539	24440.8377	4272.3032
52175408e6	21012.2591	1364.22103	20480.28924	11254.6325
5277f23ff3	22105.16934	30969.13065	5672.21681	9799.22625
528fe8190e	28243.28842	8692.3715	81.12943	3821.6744
529dc64cf7	25830.13910	22899.15055	1917.13876	29095.19434
52a6d846b6	6735.15682	3687.295	26949.8685	27143.12110
52fbbb6231	20612.705	17180.2582	28940.24138	20434.22310
53a117404d	79.30227	9184.5479	12479.16470	9116.2532
5406519a58	17288.14574	25320.28368	24314.453	19460.21654
54abc9d4ce	28059.21648	768.30355	17917.22715	7908.7210
552e73640b	19300.15561	30282.19068	18481.6668	17430.13346
554c57cde7	15737.926	8441.23040	3687.13100	21156.21922
558ab13873	7175.19518	6350.28246	21666.14008	3375.12828
55947048c1	31838.29775	8848.23409	25378.6656	21899.12137
560e65d15c	10417.18044	16944.24784	5979.29666	23548.25469
561c5e1158	19671.4832	24261.4392	11871.30498	16774.9949
563a22bfa0	8718.16988	7957.25449	16244.27271	9704.3184
5661d55a1c	11469.21211	23361.10114	232.30100	14999.23284
5832febc0a	22590.13632	14930.16438	3141.3941	9866.5270
5853d41f17	21999.22203	17435.31770	23603.24713	31252.21900
5873fddcab	13936.17082	5623.18925	12711.31897	19647.23582
5896c3e4e2	18279.26853	27782.3155	1517.28898	12256.9527
5927cad77b	27001.7197	14193.17403	7938.21106	9005.13151
59fec55bec	2578.6691	7866.28686	27147.8357	31525.22334
5a041874d9	22027.15236	27440.18687	29508.22387	29406.20196
5a08736246	5088.23242	21072.7464	29758.198	32611.18562
5a367ab0d4	19929.5337	5444.15391	22399.15156	7724.14444
5a5afe4220	21233.27125	21774.21929	25775.25180	10575.8620
5b7b7062c0	29522.29731	13450.5402	3597.16696	31254.21582
5bb17a55ec	23931.30825	7951.29954	20161.10469	18329.12857
5c1c9a1dc7	1099.14398	23992.26068	31361.4138	28028.2439
5c6499f9bd	25999.3105	28504.25841	14054.4245	5587.4172
5c71ec9b9b	967.28361	17860.26441	26259.11012	4437.19459
5cfa994b1a	27833.6721	11595.19366	11578.17435	10689.23126
5d3a320b15	15677.17173	17855.32706	27351.27471	11208.11946
5d46d8034f	17824.17700	9596.5578	16140.11538	4387.1304
5d5016b764	13846.30888	9147.11567	11879.2992	4240.3693
5de3a1f8e4	21767.11374	21543.20805	8801.24340	18190.30979
5ded788d57	4796.520	19673.18175	1656.3604	19609.20238
5e61ae5dd4	17732.28568	3045.32332	23971.1727	25972.11047
5eb2bebb53	17747.11522	1920.22556	24630.13204	18870.21794
5eb9c1db08	8903.5565	6010.29730	29561.1952	12772.59
5ecef16e3f	21229.28670	10888.11147	5550.18355	30047.728
5ed0cecdb0	26719.26919	25255.24490	19235.32130	7657.22883
5eeb3771b2	7290.22532	30917.20975	1773.14138	10114.15024
5f0d2a1cb8	24607.14535	12213.28955	30593.12687	981.15437
5f62eaff20	24132.24035	26479.22164	17821.6734	14793.10602
5f6d710101	5301.5630	15214.29120	28884.19103	27779.4646
5f81bb88d0	2448.15340	10536.24533	23583.2157	23723.18277
5fd44c32e1	9197.15838	20493.24367	26662.12111	8886.8840
5fdd3b5d7f	5711.18436	2948.7881	7310.2153	19674.8554
6032e18002	539.15384	30067.22386	32153.31081	24898.6692
60ad3a32b7	2144.30420	31302.2863	32171.18811	15288.13828
60bf7e39c5	25191.3070	6715.19677	23234.7633	23305.32534
60d3c0d196	12040.7477	22652.32704	32646.13378	10563.15688
60fd41a792	29323.25983	31788.10023	19658.14793	21526.17276
6164b89bb1	12580.4846	9152.10366	14308.12030	23446.7647
61e80de070	19474.18774	4205.16870	26556.25118	11123.1580
61fbd390d8	1513.23424	28460.7272	2410.7557	14277.17301
623df4ebfd	21921.21252	11568.6232	220.6604	2494.5026
62dafa37c5	10543.20202	2255.10963	31666.10363	26939.9452
6361b17a12	2974.21933	25667.4734	15058.6275	6631.28425
639f3f18c4	18440.2694	9367.5683	19198.28566	5197.23235
63b11685c4	20870.23774	10190.28139	8979.32108	14215.11323
644a463190	25501.24643	17400.22718	26483.27732	12271.22212
64a42c5d71	11012.29096	30646.942	5699.13638	21822.5185
6535e0cd19	14622.1702	28080.29485	3931.10707	27332.9628
657445aed0	26726.10623	26053.4854	12772.16253	4604.11594
657c04cb9c	2830.11515	7211.11088	1360.21109	9625.24970
65818fc536	12303.3519	5926.1437	25140.18516	22661.3621
65b2753e05	29377.4307	12125.31754	2402.6033	42.5760
65efc84400	22344.30658	23529.5124	26901.31282	18120.12137
65f95f5e40	32763.24676	7713.23409	31364.369	8781.32610
663f101802	5816.15299	14306.13737	2422.350	16254.32201
668d014436	13441.14645	16805.24511	195.5400	30828.32250
66b1534aae	26035.20148	25611.9954	6911.13330	3406.8962
66cf525ba8	9404.14210	8186.28089	19923.8314	31165.19909
67718c5481	20981.13463	8429.21164	12169.20161	1154.11302
677363d54f	10465.14574	14156.28791	25278.30309	4322.6480
684261f46f	23688.27621	10096.10259	23792.21168	11270.12650
68c460a7f4	26237.5428	26069.9553	11209.23171	20356.11712
68f17bf96d	1102.18402	22314.2814	25223.28457	24906.17995
694a4ac482	28755.10321	17041.26220	32207.7797	27921.8244
694f4b157a	11284.31496	2923.25982	32608.27388	25557.11386
69837ce3f9	24324.16132	19825.21049	13418.11294	23230.15525
69acc5c086	4146.8670	9138.5043	8222.19018	12343.28964
69ff29194e	11348.1605	23430.27259	2003.486	14653.21882
6a742d9f55	13569.3136	26045.30158	23180.30185	13955.648
6a7d129a8c	9506.15886	27880.11708	19810.17761	30549.15334
6b2a207f3d	26854.14631	8299.22675	31385.20963	19408.4718
6b426db697	12757.18628	30109.23552	28384.15043	9815.6996
6b6f160021	7944.11313	4392.29784	19449.2930	1457.736
6ba117a64b	14802.24497	30932.10770	8712.6691	4460.3962
6c0f05aa9e	12121.14093	29231.12803	22532.29486	31605.9957
6cbe6c5719	19302.31242	29796.3140	1925.29292	28614.29245
6ccf299675	16200.11172	25119.16337	859.14062	5810.25664
6da31778ca	27821.17824	32661.19846	14227.15865	17192.300
6dd3c09bcf	17887.3188	9279.8266	10847.15430	21141.27620
6de0eb82af	26588.20941	7114.7314	14604.21223	9253.29299
6ea10c44c7	11878.25755	28237.28400	17189.7908	8709.10791
6ebb9f3a71	2124.10362	9911.9479	20828.4425	13943.24840
6f6396e394	24591.358	12072.20519	19310.4661	12490.12406
6f72ece6bf	4236.25943	12647.18283	16900.24757	22091.6781
6fc2718f6f	24021.31928	12374.29344	14268.5396	12191.30179
6fe7f1d455	1655.7372	1584.16496	31396.9665	2099.25668
7030308332	8449.23120	5493.18496	13245.31119	31734.28247
7045fd7c28	12657.6064	23285.14157	32099.24129	30034.16982
706e1c6aa5	12889.1531	22414.7346	14583.11609	16726.16685
709f1d187f	16572.13554	25479.31234	27464.9149	11904.15382
717a7c4d14	14103.12001	11107.23935	7082.5634	23097.10453
71d2058ce6	6756.30852	19744.25890	297.24614	3116.12293
71dca0fada	24084.832	23716.14784	2545.16627	1438.22308
72d8ef4558	10470.1801	5055.25364	23730.3826	20955.7547
73e9e45b6f	32019.9772	15787.30770	29390.9600	20082.13
74502053f2	706.17221	8858.17629	3131.1398	32137.16992
74697c1c5c	18951.22033	17374.12906	27183.3099	12534.22589
750d189d96	7973.7189	5977.21167	19388.14551	18342.31955
75d02f2b5a	13352.32496	6974.30454	1971.20635	23110.32684
75d3852af0	11866.27939	17401.5997	18179.27923	32603.25876
762599bf98	29972.10148	28294.28525	11433.23007	10294.8803
76817d0b5a	5233.30262	30745.4203	15449.3349	31728.32767
76c14a9fdf	6930.420	10192.422	9685.29427	31069.10391
76eae543ae	5802.29477	2132.3608	24822.30012	4922.16392
771772b1e4	19525.1103	2885.9318	6461.23293	23630.13595
77607d017d	26735.12996	10068.29377	27946.20593	6385.32021
7788f49e2e	18455.24939	31170.3530	20590.20968	31441.18489
77d1763f1e	18623.25225	23861.7612	8597.29051	9701.16735
78503584cb	26326.3780	26565.32219	24264.13655	12732.13352
7873d676d7	6277.10347	7621.25883	14265.32172	22939.21716
78d3d61493	23047.20990	27983.10568	27836.4102	25341.27067
7918531db6	22186.30424	111.9892	4049.28947	2526.18112
7976d1d8b0	15251.27946	3755.484	7476.7301	28745.25785
7990b27e56	21117.13319	30971.25541	17253.13009	10937.24560
79ea3a1462	2967.439	14166.25381	24885.488	2473.1277
7a0128f408	27431.4434	7507.15294	11238.14240	23327.3392
7a435ea5d4	8607.7067	4913.7368	30112.7125	15972.4513
7a59f06199	3674.12086	4551.19358	24015.25273	5838.21722
7a659e84ae	11740.22357	11932.29496	21164.30156	28364.29722
7a768fedfc	14969.9664	23558.14555	31501.10333	5385.1236
7afb30352f	25436.5046	21393.24131	9960.26724	5801.16822
7b3deca2e6	11600.6470	31585.8973	28687.22195	29621.28348
7b416fe43a	5785.25114	30189.23471	17441.32052	30596.30831
7b68e08ff9	2509.16281	4375.30385	29244.20900	7736.8552
7bb4b0bbc4	10647.29133	25899.3144	15339.6450	13906.3522
7bc77ef2af	17275.14642	4154.31664	28668.2949	508.1568
7c01d0cb2d	2241.22287	20276.20239	26575.6010	26680.1887
7c250fb125	19924.13162	16797.7412	31639.4819	31781.28922
7c302ab052	13228.21446	16328.13160	11037.6999	27486.12158
7c84742bfe	17699.20877	11949.29307	5217.30420	29261.10135
7ca641401c	5821.19662	29110.31537	29683.15827	25183.13091
7cb8f293d8	25070.25359	20616.25136	7918.11299	25252.5899
7ccdc33d57	6018.626	29456.28131	8844.14650	24180.8855
7d2c10ddb3	19937.582	30577.4678	4570.6657	24027.30190
7d4548b343	2163.8335	28085.408	25733.14592	29501.23446
7d4c67a0d0	7355.11630	201.7250	3129.21631	30493.17576
7e7e3ff38c	12032.31731	26704.14128	3377.26688	21024.14051
7eac8e51f4	22610.30138	14619.26325	10121.24807	1510.32638
7f289e77a9	10227.27090	7343.27614	32460.7379	24503.30040
7f42349d2d	23059.21234	1996.30136	14725.29160	5569.13605
7fb0d3d3f7	4826.9599	11183.13989	28994.18699	32715.24001
7fcaf7a031	16373.10468	15296.3132	12406.11256	23484.24737
7febc01b63	21733.22035	31741.32208	9201.4758	9531.2835
7fed78fa1a	4742.5562	21599.25422	18777.15618	10944.26923
7ff7c7b437	9247.23992	11864.7285	24364.11626	5975.3191
80409f9789	11518.13105	21781.3427	2905.22054	28322.5542
80752aac07	23642.3882	14837.10780	19835.26732	26873.11666
81f44fed2a	12680.23926	5775.16994	30146.22919	19634.19783
8212e1e09a	10299.25157	1773.14310	1216.5485	10542.4549
82a9ab8a8b	9633.27766	21739.24857	6749.30604	29799.26617
82d1741f71	17554.20279	32451.29807	17919.26989	30165.22056
82dd4cd732	15017.25865	27584.6456	5629.11109	16858.23834
82ffc00302	27322.10802	21263.7057	1799.32280	22791.1803
8402187608	17610.24073	22261.1175	26537.14644	19441.2301
840c78be4c	31981.27702	14604.12201	3104.4806	25828.14861
843ff1bdb9	14084.27313	16186.6828	22464.2628	8194.18433
8483dc36cc	11052.17692	13684.1252	17364.16417	20261.7181
84c907f1e8	14333.30544	12737.3213	9115.26680	19887.30461
85389a1579	11750.14509	10527.19406	25640.31070	16630.27152
858c7ad066	4554.30551	10245.22950	28037.23099	32764.23387
858fab4817	10930.21276	9732.19572	29387.23512	12396.27091
859c160c48	7066.28510	1257.25512	13199.27939	8738.4274
85cc1911cf	5028.4603	31651.8893	23035.7446	29438.9846
860c9e5371	27293.30647	19466.16628	26537.27247	8165.32170
8621666df7	27693.21497	19553.9204	30806.17068	20782.9392
86828e1d28	19215.28212	15614.8077	4934.13226	27506.3141
868c95fdf5	3608.1860	19149.22986	27708.24790	29549.17198
86fe40bd87	27919.2320	4506.77	6143.28164	21743.8172
87bcaa7c20	10240.25195	22919.5250	1412.19720	28306.12402
87c9ef2ba0	2578.28457	13170.13603	28423.18703	28281.30341
8840d17cdb	21985.13028	27303.28128	30496.1831	5299.27930
8845097af1	27888.26599	5218.29808	14695.9304	15375.26446
88ecd355ea	13360.6365	19672.23022	20264.5143	18316.15664
8923ce7443	53.14752	13158.11220	20159.27469	28359.13242
89397fc311	12707.8317	14858.15326	18735.30028	2834.19397
895efe2f7e	28109.839	14978.14193	4656.17094	15214.18407
8975b26f32	21973.4851	27445.6030	11736.7609	18463.9603
898e603df3	1631.5621	25181.6505	7506.23116	20577.28674
8ac4b87e75	29470.26762	30041.26512	16770.11439	22271.24356
8ae76c3768	4996.25769	28938.24224	18947.19822	7852.3669
8b421affb6	26515.17483	7141.9796	25409.20008	2060.15845
8ba5588fab	31405.21723	7338.25581	22484.14536	25017.2547
8baa74c884	7553.29395	21159.21060	12388.13947	18624.608
8bb1ab6602	23872.14408	17754.22008	5254.21442	4967.19476
8be80f7652	9168.3845	2321.26724	2419.24028	31467.16453
8c0cc13d55	10977.1266	24057.23803	16630.13024	32135.16177
8c1467c771	24460.9214	1816.32160	26127.6794	7191.27495
8c19374311	23246.19689	17045.25329	30036.26810	6174.22046
8c88f82c31	26109.13717	19015.2690	18723.21277	22096.7636
8cc653887a	11237.6492	27240.6302	14317.25771	32429.5482
8ce5b78a1a	150.28882	4788.25217	10768.3045	29857.19220
8d1840f840	7445.8689	23663.4806	13602.20677	1884.11908
8d1b9a66b7	16936.13447	20194.15732	21630.19968	12960.418
8d50d8779a	5558.4181	26860.16788	21141.19459	22647.26058
8d5d715b09	1317.13260	1157.1217	16518.20717	14704.29662
8dd0abc862	2903.24533	8724.32185	0.14627	13158.16622
8dd82e4353	25105.1381	1958.26133	1380.20462	12546.15353
8e01921e76	8234.29468	26196.20666	7420.21576	17008.7113
8e5770284a	30435.21515	6423.10714	30221.6543	22378.23273
8e5951ec82	5189.31947	20258.5004	31535.10969	7187.1440
8efc84f61c	13797.24109	21283.17143	25368.27433	22714.25772
8f452bcd44	29765.19727	19549.22085	5064.28689	32127.1873
8f98b8cb3a	2144.10683	25783.6695	7271.226	8878.4565
9034b28f00	10151.5302	14880.16018	6301.14238	28784.28869
90e67cb5ab	5120.18094	10106.5453	4087.19953	13035.17438
90f2fedd2c	11853.7529	1376.28085	13020.4331	20942.4716
910728ab58	29772.27223	13549.22188	2377.24076	15354.7792
9165daa13a	19036.2298	29836.7143	28553.6153	31777.31163
91d112e437	28302.7743	10186.25558	6651.1833	31052.20896
91d1c9306f	24114.5955	24353.14894	29924.7254	10209.1945
91d7cfac21	12367.22940	20173.6205	12638.24534	24772.14185
9204a6ed0f	19657.16108	25421.6612	29935.156	28910.23096
922ddf650f	25103.4156	6840.12271	12776.9354	8681.7690
9230f2d884	6093.6660	9371.30104	31360.28785	5081.29847
9235336e74	25018.6511	22785.20547	2402.32552	32162.8882
92838b5fc6	7240.3065	6599.15712	9494.30599	28910.8146
92c0b79919	1783.23673	20788.27873	23654.24036	8354.12356
935681ede0	25575.22734	17852.30709	8250.25374	23867.31956
936bc7e99d	32015.1273	10580.9952	8373.8807	25340.30064
9378f1c39c	29697.8395	15719.23274	7827.8379	29997.13997
937e2d691d	8960.23346	26134.24664	8832.10904	14139.25148
9458ac6e40	19688.18490	15137.9034	9698.6938	22692.18538
946b98e28d	24730.30582	10475.17263	27649.24076	18513.19852
94e076955f	19612.11970	30707.14535	26906.31207	20259.428
954303c82a	2063.25285	6693.22949	31615.31369	11405.5636
957ad0fb54	28728.8267	2925.26851	29607.5068	13917.7459
95a003abdd	2455.3863	13912.25183	8461.20346	7624.30173
95a0d8a3ff	2779.30052	18664.18007	6302.12212	30627.19769
9605bbf2dc	8265.21084	12540.8618	5258.2792	9365.16603
96101ef667	25070.18312	18658.3020	31052.21688	15056.22487
96231f8e5e	24783.25127	6971.21278	2209.16079	14663.32126
9641c9cc87	5239.16618	4622.30900	9622.2873	11557.12294
96429f4b33	27405.31461	6381.5162	15694.10760	9607.22684
974fa445e6	22499.15045	14183.9563	24298.12650	16989.12946
9756d9ac9e	30327.4524	23144.30335	19431.28635	10495.12083
977610f356	19411.6957	12972.10598	13178.22529	8238.18522
9793a039dd	29103.25399	29214.32497	20986.26028	27879.14135
97a52dfa23	12922.21800	24650.4819	9107.4401	4817.4260
97f74e1de4	31208.14866	5843.18413	20614.10570	6604.18245
98048890a6	14489.1676	12700.13824	31436.21037	2918.32479
980837b81d	32681.21629	29900.20259	30480.8924	24339.14618
982c09964b	16192.23443	1318.26244	22004.10436	27981.32346
985ecd3f8a	303.25639	2324.15774	18039.2051	13660.17593
98cf40285b	4134.15883	8822.15853	22156.1704	31924.29646
98e005abc6	7851.20520	6101.14215	27797.30374	30553.5760
98f87e81cf	7659.1003	15960.29648	20663.5357	1333.32252
994c58dbc7	1594.27964	17844.19320	26109.4605	2330.18941
9976665181	10410.27881	7583.3176	18542.1179	31780.11769
9979f022f0	9429.12111	12221.9230	25612.15005	18330.26583
99ee148162	23654.31722	19163.12583	17307.25801	9382.6126
99ff38c40c	19144.9881	23735.4020	25075.4782	16373.13938
9a133fd071	10578.20635	16382.16846	15324.11952	13891.18979
9a2cec060f	9888.25954	30401.24418	29918.32184	28973.20250
9a63bf52fa	1763.12343	21247.5250	19128.28645	18822.4066
9a765ec614	4867.29951	30223.21447	16429.30153	3155.19377
9a966046c1	10507.8333	22060.21885	13770.9251	19538.31893
9b9ecb4383	1698.30238	3585.10952	4545.27397	10242.20052
9bace019a5	5115.10683	18450.23609	5220.2419	32134.7108
9bc29a8940	1833.20421	30275.17122	16919.11691	10011.29935
9c0fe8a4f3	759.32702	21682.3923	7340.19666	5217.26811
9c36531d58	32029.29379	8585.20573	24761.21674	13740.17222
9c50911313	454.17545	21743.12618	19378.2195	4739.13184
9d11edf100	29960.24757	29028.3172	14692.23864	15190.19145
9d16c065c5	4083.23443	25778.6118	30267.28091	3944.3842
9d446b716c	31309.31552	19600.30998	26968.7339	32397.10575
9d77855caf	5051.3684	24893.12978	19667.29005	7223.25072
9d9f41bda4	25601.8858	23530.728	13889.6606	32255.13041
9db6195218	140.26156	30137.14883	4150.8789	19440.13982
9df5ef3e68	17704.4889	11634.2133	6166.24421	4860.9606
9e135fd49f	147.9898	26604.25859	27641.6697	4140.22001
9e35ad05bd	15414.12284	26435.5007	3904.21302	16285.11453
9e54c88663	5890.9885	1829.15934	12936.29582	26378.29959
9ec8a39f66	27235.3303	24825.9696	24569.16632	8884.13181
9ef0fadb04	12701.21574	26641.30586	19218.30582	15813.26628
9f14a4a082	29972.8721	2455.32731	15671.22871	21971.13062
9f5c0d21bc	31038.12477	28742.16091	27172.32300	9244.8845
9fecf74c15	13558.28864	9077.20521	18659.16580	14637.11428
a044e0b500	22942.7917	13545.14175	32334.30049	22598.5282
a04a158a9e	7792.23315	9398.17290	26038.26055	1943.17684
a0572a0cfe	20825.29113	12489.4121	29213.9792	6941.11081
a05af2d9f2	407.6961	17963.1837	6825.28254	8967.28729
a0c8a71a73	18902.23059	26391.23255	10145.20779	4481.5105
a0fad39ecf	4928.32606	10215.9249	16905.20638	21057.9019
a0fb120c55	716.5237	16647.10525	23280.29241	17315.12530
a16ac059ef	18734.32049	24547.5826	13429.20254	27228.1683
a21e1fbc47	14786.31277	26728.8734	6031.18798	19601.9969
a279093ade	14561.29562	19344.11324	7488.5213	15204.9815
a348472051	24674.1422	7534.12790	8521.17846	14426.5813
a408d4583c	24492.19688	20691.26805	24137.26546	24408.11446
a47aef4d95	5715.18778	2212.13356	27371.21407	31312.9754
a4e9408ccb	10399.81	11913.1046	24695.31925	12625.1976
a5e75610cc	5118.1476	13009.18572	2788.3470	12144.5554
a6043ef84f	6308.23184	4101.10405	21379.17933	10075.13220
a64ad7678a	4287.23344	18009.14275	4167.3954	30723.2517
a71ba835d0	15954.13978	8246.15196	28228.13814	1463.1273
a7575f3df4	12947.14256	28107.3094	3467.7943	15893.27747
a75e71396e	15005.9782	8475.31818	24139.23496	18756.16224
a78adb41a8	27058.28323	6202.16074	7293.28166	17013.17941
a8833779c4	3120.28388	6845.6224	18069.20734	18255.4190
a8bf591958	8710.7996	4289.22272	27048.13081	19143.23989
a8f9ff2e0e	28160.27585	7062.10618	14428.32093	12730.32722
a9021fb807	3978.30226	5996.4134	10508.19	18332.25340
a91863cf3e	1308.23097	9462.30275	15262.12562	10337.24720
a9754aaef5	27158.30118	11004.27595	26407.16901	11195.19164
a9877c3148	14463.1947	15493.13964	26013.10297	22815.30087
a9ab0cf4a6	30805.22757	16768.20140	8634.17460	5337.32509
aa197cd086	3696.30090	4585.29556	9079.561	21784.18433
aa71751ead	13127.13396	32706.24643	18035.3808	25231.491
aaae891dd3	10106.12824	16422.11716	9675.6353	1921.11324
aaef58f9a8	6507.5491	28781.24498	3895.26239	2780.30441
ab73391a12	25815.29086	31857.16269	25110.676	29826.26723
aba7206acf	21830.15349	6789.23094	25300.29298	24363.17600
abce2c7210	24137.17959	13007.25987	18773.17371	21820.11541
abeefb8a84	28707.31584	8865.14799	20763.23354	28261.5666
acc6aee966	4189.4647	31626.30230	17699.6562	23078.26972
ad5b359479	23791.18890	19156.12171	8289.7727	12090.21231
ada601dc56	29365.19709	9820.31560	3102.2658	27908.6577
ae13fa1d83	8501.20773	4123.31722	28054.25311	28581.4793
ae42851f09	21334.6839	6076.14394	290.17697	6077.6299
ae5975019c	17564.9374	27961.14016	8633.11810	10205.3238
ae735099eb	15251.18994	22539.8528	18933.20459	23000.18744
aee3211cd4	28695.28107	5731.22079	8628.26760	636.15227
af1a1bc47c	19728.9470	17307.18803	2554.70	5540.31807
af91c0b96f	7645.11446	26241.4438	12022.15061	31118.4001
afb6de14c0	16468.4986	486.26822	9339.24211	19361.2516
afb7c8a210	14553.22791	16127.6958	1533.32623	8463.30616
aff646fae5	30315.15360	24792.367	3465.693	8110.4290
b07848ecd5	7784.10319	9300.29976	2816.16477	25097.24278
b0c3cab24c	16700.9105	25347.22800	15169.16655	14699.24169
b10f92ce0e	26685.6878	18970.3151	5126.23977	25514.18503
b110860cd3	14420.17534	377.5244	3568.2575	19988.13767
b12fc10be1	14317.30156	17549.18292	19545.16006	17986.4350
b13a4c1d3e	9104.19200	11336.29125	28781.15271	28470.11261
b13c512a7c	5935.6062	1098.29190	32207.27501	23121.24350
b14484867e	4115.26752	18628.8253	22897.23032	16067.10426
b18b0c1029	21245.9272	24875.16517	28385.20446	1497.5262
b1f482358b	19251.4589	16338.19392	23491.24765	4098.2416
b20220d058	17082.2467	26982.18564	22592.31836	32282.12508
b21a446ad0	20107.21958	2724.5260	10314.13558	23613.28432
b26032626b	11386.16028	25062.12693	7884.20132	10312.260
b275616ab8	12143.29729	7029.30992	8103.2771	21727.15723
b275d8b0e4	17669.28950	16318.9116	27688.22749	16409.9939
b28d1e592e	28709.21952	24014.10657	18534.1879	5838.710
b2abb3c49c	26342.10660	15564.15568	21463.15858	714.23824
b300dc8e1d	9833.26877	30584.11428	31936.2242	4844.26786
b3326911ca	24638.7842	269.5226	19581.27173	28686.17197
b39efe66ea	13949.16449	19300.17116	20348.31151	15256.22046
b3f802b325	18980.241	6760.20542	10618.21370	16997.10148
b40d02393e	11504.18789	4526.24708	19304.22203	11395.11061
b459ab0de9	7906.11323	22742.1518	31744.16291	5198.12534
b4a6dbfd01	3965.10458	23309.5037	6071.7316	19935.30362
b4aa33c21e	18830.747	14097.12537	20041.4886	3317.25824
b4dc3cf788	20784.31897	14562.28207	25461.25322	4827.8850
b5053ef1e2	3331.17634	28755.25671	1876.8466	19272.15398
b505b37605	4569.7115	3666.15240	24280.16038	19457.1960
b53da159f6	2733.12655	22858.15807	26236.31497	12227.30084
b5ad6ac629	15203.963	31219.875	23641.7864	3417.25222
b5fc4b0332	30240.10282	21581.26369	20289.29445	17108.20169
b73ed9df2d	25222.30496	1942.27002	21447.21499	7379.19942
b74ab07faa	17188.17136	18984.7786	31486.24032	31026.9382
b780427c1c	5357.19696	19369.12606	9662.28899	23065.30546
b7945db13c	25154.13857	15254.8074	19576.12120	12056.16158
b7afc81f8e	7371.27949	31347.4885	5180.1814	19103.13469
b7cf4b23c9	13649.31	25965.7899	15606.29817	23617.18294
b7dd0167e6	22180.15104	19716.16013	24208.32395	3769.13297
b81e77164e	21568.9419	12648.12116	15231.12037	13211.6089
b89df7e22d	19504.20627	16044.23447	31363.11175	24964.7487
b8e2bc728a	4336.8433	10251.8090	30093.30022	10110.9900
b9533c5f3a	15686.18638	21981.5575	25118.25784	22398.23691
b978f6f6f6	19203.6797	31934.25798	13407.16430	27323.14104
b9870e2881	18175.21059	23542.686	9462.3863	12581.28207
b99db47fc2	5778.26953	7901.28598	24584.10132	15964.15660
b9c5b0f833	18851.14787	10740.13850	26707.28561	14974.10927
b9c783e858	20077.4350	17969.3942	27058.13687	21410.21705
b9da752f8f	6756.30895	10096.5460	854.17579	21933.22125
b9fe261c9d	22191.8110	7199.25293	9427.25862	23358.10795
baa0d0c96f	29861.6576	8992.27452	21776.21102	18979.24855
bb6e1d4159	9634.5398	31267.11258	31028.3045	10503.1719
bb7fa29a55	19116.21596	32687.4107	19886.26940	19406.10006
bbe17ed94f	15643.7494	18973.7911	19729.23210	7552.29621
bc087e3925	22603.24279	18147.12417	10181.22502	14118.10208
bc3ce4ce61	20396.30008	19908.7096	7250.18164	29322.22700
bceed5d9c6	20234.31269	2673.31972	22564.22395	15925.3203
bd309e7ca5	27186.9977	18584.15096	32391.2630	24446.6054
bda484e029	26807.29701	15217.10086	28079.9016	27289.3729
bdb987e23e	18363.24072	3171.21561	19636.2538	22449.5725
bdff9ac0d6	26768.30145	10428.9146	53.27498	12807.4400
be6980f3be	11598.23255	24504.435	1474.15977	25381.638
be8d7ba9c0	22256.29422	10145.31681	15786.32439	10029.10081
bed88910cb	25185.31187	13812.32729	11236.31769	24651.19469
bf0d116362	21805.13652	19627.15783	26243.20206	17191.6552
bf17211c53	12196.24816	5587.7935	30014.28695	28311.18353
bf682839a0	31339.6323	13673.25469	27418.8733	30366.4167
c014638de8	11786.22922	8200.15287	10316.15142	19168.17244
c021a3197d	26135.19626	23317.16969	21315.30635	12007.18083
c02b22b940	8353.3890	29480.32534	7534.18983	27710.27330
c07aead778	8970.13530	415.6068	23719.15215	25103.23636
c0a167573f	22610.1039	2898.3923	8467.28402	18225.10219
c0ec7d02b4	32494.3045	2929.24155	19969.17359	14521.3405
c0efa6fe2b	7855.123	5115.2666	24835.26951	303.25737
c1000fb673	5055.20259	1946.29635	30062.15753	200.1119
c102630720	1958.29528	26515.24023	4834.3711	24921.25706
c16fbea469	15206.23920	12978.10647	15465.28203	9103.24645
c1ce77d148	11535.7194	11305.2061	28527.10140	24736.8016
c1dacc45f7	21326.30834	20973.11721	4122.7568	24700.11757
c203655df2	1461.17373	21923.10601	12121.13367	12136.10687
c211b71729	5163.119	27147.25344	20119.17806	21178.14604
c28fd48870	12706.16322	13015.5079	7870.11257	12909.8964
c2b275ff48	11888.26718	20314.8251	8681.24321	5634.28477
c2ec1d4b58	3846.7316	18332.11518	6629.10387	10658.15428
c3153757de	16218.16821	11934.7011	15635.1316	10043.20370
c32051404c	5756.10616	17078.4585	13732.17567	32663.15505
c38b2ea230	8846.31313	29308.16602	1522.13529	2451.25667
c3a86d78ff	22947.13325	3797.6364	24435.1396	27455.24472
c3ae7a5cf7	537.31348	18072.4382	17421.24542	12678.24806
c3dd61e4cf	18622.23111	9831.12678	19169.5010	3942.8252
c4b0d9e7ec	22561.422	32552.15359	11311.9241	6527.5592
c4ec953e2b	31209.2038	19886.23397	3081.856	621.21744
c51e2be8e4	28432.2316	8088.14526	12644.30357	14886.26957
c5b19daed4	29196.8674	10366.14895	16578.8472	173.21123
c5b272a038	24526.30374	2835.14261	25625.22054	31505.18113
c617a74100	2930.30069	14638.575	8786.19020	11696.5814
c662526183	12759.11696	27750.6186	19755.13182	9162.31061
c67021534f	11707.17993	17889.10238	29452.5524	18291.18094
c679a2f64c	10908.23532	11522.12652	27266.12990	7726.5106
c6a8fee812	7224.32169	18187.3751	17096.24190	518.23528
c6bf2d0b5b	31558.19574	6077.11593	1642.8075	32112.11338
c6fcf88c78	31243.10554	1475.3254	23062.1394	4299.19258
c7c1e9ad66	7359.28503	12130.5311	15507.12892	9592.5666
c7f68cad91	6042.3417	24805.13299	28236.14452	8180.31241
c83011eabd	19029.23133	59.19859	13583.21310	5454.32601
c851b9ee6e	28444.18543	26354.5468	3172.1572	7742.4031
c8779192bf	18349.735	21924.16530	18167.31488	1869.18472
c888638fbd	9056.18094	293.820	12460.12642	13322.8323
c88a19674f	31972.15044	17328.2895	6214.7175	4004.1741
c902988a01	16901.25055	9620.24024	20132.15717	30721.8168
c913994d41	18650.28112	13653.9637	32309.10421	26745.32681
c98e5e23e8	17532.17464	8600.21289	1508.13380	3241.18680
c9bc0a94bc	28101.10243	15184.17456	14587.30047	29770.4477
ca9baeab42	18463.2543	13277.20181	13348.10630	25501.9716
cadeeebe42	2903.27275	4867.20646	9083.16153	25778.30144
cb27528224	17814.2962	19512.29945	15424.28344	5242.31663
cb2e652a88	5043.9937	23988.19913	17990.2552	15621.19757
cb8b387ab9	18579.9186	20657.21927	10767.7494	30584.5793
cbbafdeeea	17537.4200	9558.7327	2356.4352	3064.6201
cbd977b095	7977.28957	13079.20529	2237.27689	31166.267
cbfca988c2	1388.26553	4698.30956	27133.5493	4781.15860
cc56bfcd0a	28386.30258	12772.17517	15249.15019	8668.23374
cc9637b2f5	24150.26332	29439.27934	2040.4638	16774.27148
cda858cef1	11044.5476	11898.18176	2165.5907	19359.13139
cdd231c50b	12805.18718	4293.29008	27913.11837	11303.5318
cde5158545	2854.14304	2219.17531	5773.31550	22186.25917
ce6865263c	3109.6023	26392.29175	29096.23323	22310.7001
cf06cd10ea	29311.30850	16269.8596	22865.31104	20355.14035
cf6650f30b	25684.10032	7128.14906	20021.9951	17319.22826
cf6a1a3c5e	6000.5537	21521.16955	9699.16579	25396.29046
cf971b3a43	16725.17471	30944.22016	29506.16390	9235.25348
d0062b7e83	28547.6412	14782.1095	19314.24699	17787.3713
d03a6a7299	5511.25182	838.18140	19026.11345	18699.22113
d061210bed	17768.21188	28635.10836	21727.12929	2056.18500
d09a55ff13	24813.31279	252.3847	1086.29383	3541.996
d109aa4033	24928.3851	15471.23102	14904.15858	4079.18197
d167a30827	12844.13248	18707.17747	12501.27891	29812.9573
d1ce508082	19466.8115	22471.5681	23645.6219	17661.404
d1e9395705	15927.10866	6334.22790	9564.5374	26282.5761
d20b60a174	13900.12515	4228.16773	20535.2322	5444.32070
d22e78355c	13133.21157	17448.9596	28973.13572	4921.16567
d231d7abb6	22977.26320	15647.25079	11555.13060	24193.3629
d238ad061e	17740.24684	11865.29303	23646.25426	28458.6959
d27d62406e	7602.15137	9591.31168	29348.4447	11299.17180
d290e2d544	25572.774	4850.23716	3974.4944	27228.746
d2f7c8b718	275.6049	25040.10	21165.17581	23019.9315
d3046b0f0b	20133.4519	5207.12292	15554.1055	18038.24565
d34a06a185	25081.31307	22230.18472	10515.453	30092.22394
d3845dae68	28622.16792	20236.32543	23089.5770	24780.22939
d3abfaa744	18248.23268	15832.3371	9003.9334	11998.12746
d40b014966	27374.19781	8835.1927	29341.21947	17311.31710
d4318e7c68	25722.19040	6793.13207	16414.3728	2216.11209
d46f140328	31387.7130	15579.3588	3324.2997	5826.11672
d48e44b2c1	4968.15625	2822.4117	22528.9385	17130.3421
d4ac07d468	6859.15070	29785.16233	49.22691	12249.13543
d4f410afbd	2975.21291	3476.10968	28784.6535	25930.23444
d57ffb58b0	20584.5511	6593.11616	13106.5490	17168.9360
d5ab656eb6	24097.24335	21246.1408	8399.24699	23358.14361
d5b8c977b5	26372.18908	32501.15207	12582.2985	21050.30089
d5e5e03634	29034.27403	592.12312	9973.27573	3461.15677
d623de3efe	29107.11549	26785.26049	14982.4857	12303.7504
d651c6d5b9	11774.12698	12109.4976	25414.26598	6198.8805
d651da0f08	15183.9574	25245.12767	2633.11042	17656.1432
d66a692c13	26798.21586	5306.4576	6481.3121	17956.2346
d66ad325cd	18989.15198	29298.2944	509.5986	22488.24177
d6786a8e20	11176.22895	22588.4778	4343.32413	24996.4570
d7653ca181	1835.12786	19438.10022	32036.4555	17759.31278
d7a2887dfc	10001.28370	32076.28559	1333.16768	7185.12429
d7c22d0657	7770.15972	11593.3775	25427.25082	24970.19550
d7ed0e6852	2075.5301	15729.5547	9750.2842	25197.7470
d7f229d654	29324.4908	24645.9727	10039.19902	6582.15132
d81b4378a0	20217.18520	22585.20555	31988.32168	6774.23300
d857772cc9	6071.22273	7953.15151	9302.14162	12919.22777
d8b0756deb	12180.1280	26731.9135	6421.12796	20756.5952
d9238ad58d	8927.4896	32722.28737	9218.24713	9896.17387
d93ff038c1	1479.10049	32693.32295	9809.27331	13530.18342
d958c1e251	15836.10558	5235.10793	15502.10315	18784.17192
d977262957	15104.3678	21536.27746	16282.30096	3315.21802
d985beb3f7	18932.15793	5178.14558	3840.5125	822.10400
d99104897f	335.11419	27232.1781	6849.4492	22305.7718
d9a87c43d8	26787.24005	21035.31136	5784.21103	444.7516
daca3d29a4	27516.12047	19558.6208	21915.19082	6690.19020
db0c168d33	27069.18645	28899.5235	2889.24956	20482.21050
dc598c96b4	19090.368	31564.16718	12038.13777	23218.17842
dca631a49a	5528.5643	27809.32512	1519.17668	29445.16529
dd0b1b580b	5963.32183	11510.30421	11566.10835	28374.15679
dd4ab16123	29601.17011	27236.12305	24613.26993	32325.27100
dd6d67d3a8	17271.19629	10980.2277	257.26051	6281.22410
dd7363d850	14608.5172	24482.23011	31515.8736	25525.11686
dd8a29e51a	11536.4303	22928.29055	5511.13026	13470.13240
ddd5fa1500	14912.17301	8007.15196	29313.11605	3406.1046
ddf2798606	24735.7674	14484.773	15383.8476	16688.4256
de17e5a404	16144.28757	15541.13292	6448.12424	19783.29125
de1f99328f	11673.6117	7558.976	24563.21647	22755.21680
de3935df4e	32624.25560	448.4266	3548.11160	5466.21103
de475cf3cc	15365.16727	27898.23395	4071.10325	17613.20322
de93652879	26466.3099	20686.20546	23372.14688	23154.18790
dec07db59e	6672.15057	32305.25969	20060.28463	16306.32122
dee6886b69	25663.1204	594.30688	30510.29265	13359.9191
deff088803	24476.20169	28937.28859	6316.12893	21494.19867
df84d83016	19206.24697	8475.23867	17257.17417	10.3441
df9d9e5eff	12184.26919	23185.10658	18869.2576	26907.8222
e024266e48	21688.11268	14094.20566	31094.11219	32758.10406
e0667e9a30	2942.1679	2515.2371	22194.1782	5250.30029
e0b0421e59	1839.6014	24520.19777	22165.24389	12270.5988
e180b5cbb3	9366.25753	11307.4595	175.24803	3475.16015
e1818544e3	4344.15908	675.29194	28982.2807	26874.8469
e1b5e277c1	7051.3007	9019.16864	20440.31579	7335.14450
e26a5e25cd	29106.21916	23646.848	4242.28741	3228.24824
e2ad2a5b56	14455.20503	25332.17194	29215.14954	32359.9699
e2e451edd7	2002.14819	16480.10203	8339.1745	18234.9518
e326662ece	1193.6434	19074.12667	5720.27737	1586.5264
e42d9b4897	15671.8456	286.12063	5195.22495	11236.24309
e4301a4080	16325.24941	16250.6126	2940.13231	30141.31409
e43e2da8be	11193.25455	27069.13291	28044.1520	21849.7461
e483418b84	19916.18776	30086.5397	26412.30553	2841.23326
e4d4797119	27414.11647	16120.10984	17911.17940	32655.18518
e4fd1c8af8	22012.31752	4283.28881	17689.16419	2293.7058
e59583cca5	29423.17595	4751.28636	11937.31156	9263.25721
e5a25064a1	17915.18470	23355.17588	13706.6875	27236.20813
e5b2d0a87c	32356.1879	784.14789	17967.14376	13239.7093
e5bd91b99f	27967.31124	1590.29266	18452.10843	2790.31071
e608aafe56	30511.7033	16317.19887	1948.3430	19114.11501
e68658b7c5	22533.9497	28381.13422	18654.15837	19606.30345
e68b64c65a	2641.10239	24989.19758	2902.31595	24845.15651
e6a64a32cf	18728.1575	27138.30689	12852.16377	29631.19575
e6b9aed056	14971.6875	11845.5713	17220.21038	30122.13130
e6f43cf69e	17380.4536	12185.32386	1211.18411	25036.14771
e74354a61e	21654.3184	65.21678	31557.6383	21305.29411
e75c2dfe8e	3215.15129	229.17791	14971.21954	13944.20464
e7b7dc193a	3568.25814	6716.22540	5362.7805	32231.25477
e7e81b9f1d	1063.16451	11968.6936	24195.26148	24555.8064
e7fdf30559	11597.27821	17936.22315	9889.29941	5832.24523
e85dde60c0	13247.25676	2003.2392	9043.20338	16455.14297
e8968ed25f	23122.11046	22948.5061	6508.15700	13782.18118
e8dc43b553	18899.6774	11643.23857	26617.11993	18902.11398
e92985cdab	6052.27777	22716.10572	7159.10190	24587.29018
e936ac852b	30251.27851	28349.7584	31350.22845	28624.26494
e95c9e0461	15154.5830	21336.24757	21498.11107	9510.13658
e965d68ec6	8631.10681	15154.11042	4398.23221	20253.2546
ea29052db6	20726.19009	26492.19302	18821.17310	18320.19147
ea69956f81	14440.1199	2273.1084	12668.15202	13111.882
eac4934641	10482.21489	12155.23168	5646.23018	3999.21888
eacfd7fae4	27972.21176	19364.3111	9107.17225	7830.29326
eb3cd86082	17945.1349	30101.25308	18354.12381	17307.12451
ec56644b1c	25690.26773	8562.29618	7798.9810	11043.31131
ec83ec4e5f	19902.28222	26642.9415	1983.23239	20293.10189
ecaa4a2a5e	14025.30730	3583.26667	231.25036	9320.7639
ece213e2cf	21687.23494	5541.14469	3963.30561	7409.11005
ecf3d0b65f	28979.8036	12913.30727	20030.2424	2896.20685
ed175c3fd7	22950.5346	17280.4442	17240.13239	13774.12594
ed72eaa8fa	13508.21657	23459.6253	13531.2258	9678.2674
edafce2c59	19702.24608	22271.21683	2008.27570	27241.18620
ee4cd18dbd	21010.31498	25692.19517	29753.274	19544.11768
ee5fe3acd6	32418.1710	6081.25754	1668.31820	29690.24868
ee627a18c3	20878.26804	18564.21434	2467.28810	9994.17737
ef3c0941bd	10174.32515	28657.5236	18708.23486	31323.13712
ef4a684a23	15196.31528	18355.29246	29040.24306	10334.27266
ef6cdf89f8	28237.20041	4226.24758	27286.4098	644.1959
ef749f2b78	21209.635	16543.83	2107.6673	3191.2734
efb40231f5	18081.6005	2685.5685	22865.9087	7956.2485
f0225021d2	7784.14472	22596.31553	1230.19883	6275.13973
f081f7c366	27660.15052	25941.29956	26134.16111	30388.14474
f15e15f024	29971.14990	27926.20398	22562.15835	15295.10943
f16b6d583a	11893.30036	13872.24678	27240.5812	14085.13937
f1956bd574	24388.24677	9006.5998	1218.15497	8668.23357
f1c74475e3	30434.13181	19251.29327	24852.16428	30192.21162
f1c7f03bee	5098.29412	10955.10389	27561.24480	4418.7068
f25414e524	3226.7533	31144.10680	26202.5272	13349.3645
f25596bb19	13847.26952	23275.24941	4985.28547	30445.15507
f25cc70ab3	21543.31299	26735.28332	17328.8139	20929.10630
f2fa7a98f0	27597.10032	21689.3187	15775.17066	28608.22149
f30b3c99e5	8091.28391	15091.10967	4290.15728	5968.3347
f3b13355ed	8736.28068	528.21369	23703.23294	1430.29216
f425d92a08	7664.21902	27982.28334	28593.28000	21615.10458
f42c82c939	26497.24018	24009.15025	1175.30843	10457.25813
f4399f8a25	10551.14160	13259.21849	29736.25405	2515.32231
f43e4a105d	19026.30716	28111.6911	15577.28317	17885.20594
f50160b9a7	21977.6193	15896.28894	16664.14360	27485.4868
f56b57040a	26620.29322	17085.2220	19512.27359	29101.11295
f5aa9fe35e	19386.14455	2979.116	16343.8735	19927.22502
f5b8ec3c56	7514.14144	1320.91	29524.20522	7346.19678
f5f9d942a7	20579.18523	30369.14641	12388.18702	16192.19144
f622a038ee	30338.5428	20470.1601	25221.13005	10655.30534
f62a99edcc	14807.2481	30604.24732	19885.15240	13509.30775
f63f978e08	7224.9088	8933.15192	12724.5016	571.14061
f6c1a61f97	1638.1658	1826.12156	15873.22203	22192.15247
f6d0fcdeba	32284.28555	26563.26741	24370.29394	17557.16178
f735368663	15145.27971	27805.9180	2135.654	27112.22326
f7dd74d023	10845.18835	2116.29635	15120.23196	729.17390
f80b891f27	21856.20347	8744.29553	28076.6862	3640.15793
f82b5a928e	31151.20814	22872.7281	30285.18512	19789.25216
f83ae0e24d	7537.18021	14814.32037	27305.17136	19215.25095
f859db703a	551.24476	20272.7158	735.9129	18849.5377
f89d3e3ed2	2195.8828	17056.20039	15325.26868	10846.12369
f8bb8bdec9	20241.26723	30553.15494	26020.23181	22401.19445
f90c655c75	13364.4046	13767.1398	28740.22236	29286.11493
f95572fbfc	637.9170	25399.6333	16781.14890	4847.14429
f96dea2ff3	28502.5659	4218.9063	5581.11809	9978.778
f99d92ebac	12299.19417	7286.20151	5595.20939	1174.29108
f9a36f47ce	31852.334	31034.10320	31366.17286	23066.11
f9ca74d8bc	23629.6584	4197.1306	28035.23738	6882.30036
f9f57cad09	31876.11824	4982.12866	16001.19646	14423.2835
fa72c893a1	26628.19833	16417.16545	31828.14514	14130.22712
fa737c6de4	13840.21626	9788.17631	1612.22174	11669.28285
fa7723d186	11324.32150	3547.27084	18931.24433	19059.10439
fa791607e8	186.2787	14925.12454	14560.26545	32305.23255
fa7dfd2770	28825.22360	25126.29966	15154.23273	17910.1336
fa828960c7	7493.17759	28270.10154	25955.3889	19852.9739
fad2b8717a	21083.22514	30036.17854	16540.3111	20393.6592
fad664069c	11269.25377	12236.26486	20087.6601	27830.25199
fafd10aae5	31617.27004	30161.12287	5303.4143	7322.25788
fb03eaff9b	14513.3592	22487.30021	29094.19975	13544.27243
fb3fbd6cff	21196.20557	10403.14015	2613.20598	21688.27092
fba69f956c	31282.1511	4046.17009	32258.5320	15455.13585
fc5b30b11a	16040.14425	10091.21825	3439.30321	13190.19975
fcafa3c027	27749.29485	2961.19431	21870.6694	23150.26569
fcc9245ea5	21287.19880	1056.25817	2482.29924	22312.28187
fcf60a407f	13115.5704	29988.24492	16195.27838	25094.7733
fd0ec4195d	32062.19158	24998.31505	26237.1709	29050.32037
fd7f43c887	16184.15588	22660.16499	22960.7935	6576.21144
fdcb0a73a0	2357.12318	30302.32216	12914.2343	19071.10936
fe399186a3	13920.6885	9614.25749	28546.23876	31216.4853
fe3d9de773	30664.13267	1644.2812	24616.29205	19171.31037
fea2bf6981	15908.965	4791.32404	14084.32752	17752.2144
fea66364da	9925.4635	8327.20870	32140.13246	1679.27867
fefe2d0607	27296.14610	29163.28944	18861.20047	22589.14226
ff495510f4	12721.26591	23413.3217	12304.28130	7698.7364
